{
    "fieldlength": 17.5482504,
    "fieldwidth": 8.0519016,
    "fiducials": [
        {
            "family": "apriltag3_36h11_classic",
            "id": 1,
            "size": 165.1,
            "transform": [-0.5877852522924729, -0.8090169943749473, 0, 7.923198000000001, 0.8090169943749473, -0.5877852522924729, 0, -3.3706799999999997, 0, 0, 1, 1.4859, 0, 0, 0, 1],
            "unique": true
        },
        {
            "family": "apriltag3_36h11_classic",
            "id": 2,
            "size": 165.1,
            "transform": [-0.5877852522924734, 0.8090169943749473, 0, 7.923198000000001, -0.8090169943749473, -0.5877852522924734, 0, 3.3704799999999997, 0, 0, 1, 1.4859, 0, 0, 0, 1],
            "unique": true
        },
        {
            "family": "apriltag3_36h11_classic",
            "id": 3,
            "size": 165.1,
            "transform": [-2.220446049250313e-16, 1, 0, 2.786809999999999, -1, -2.220446049250313e-16, 0, 4.02961, 0, 0, 1, 1.30175, 0, 0, 0, 1],
            "unique": true
        },
        {
            "family": "apriltag3_36h11_classic",
            "id": 4,
            "size": 165.1,
            "transform": [0.8660254037844387, 0, 0.49999999999999994, 0.5020799999999994, 0, 1, 0, 2.111656, -0.49999999999999994, 0, 0.8660254037844387, 1.8679160000000001, 0, 0, 0, 1],
            "unique": true
        },
        {
            "family": "apriltag3_36h11_classic",
            "id": 5,
            "size": 165.1,
            "transform": [0.8660254037844387, 0, 0.49999999999999994, 0.5020799999999994, 0, 1, 0, -2.1110939999999996, -0.49999999999999994, 0, 0.8660254037844387, 1.8679160000000001, 0, 0, 0, 1],
            "unique": true
        },
        {
            "family": "apriltag3_36h11_classic",
            "id": 6,
            "size": 165.1,
            "transform": [0.5000000000000001, 0.8660254037844386, 0, 4.700446000000001, -0.8660254037844386, 0.5000000000000001, 0, -0.7196820000000002, 0, 0, 1, 0.308102, 0, 0, 0, 1],
            "unique": true
        },
        {
            "family": "apriltag3_36h11_classic",
            "id": 7,
            "size": 165.1,
